X     .0000 1     .2500     .2500
     .0000    .8376  .1988 2258.2 1194.  2.969 3300. 1.400 346.0   8.9116 1.000
     .0278    .8376  .1988 2258.2 1194.  2.969 3300. 1.400 346.0   8.9116 1.000
     .0556    .8376  .1988 2258.2 1194.  2.969 3300. 1.400 346.0   8.9116 1.000
     .0833    .8376  .1988 2258.2 1194.  2.969 3300. 1.400 346.0   8.9116 1.000
     .1111    .8278  .1972 2260.4 1190.  2.977 3300. 1.400 346.0   8.8454 1.000
     .1389    .8278  .1972 2260.4 1190.  2.977 3300. 1.400 346.0   8.8454 1.000
     .1667    .8182  .1955 2262.5 1186.  2.984 3300. 1.400 346.0   8.7796 1.000
     .1944    .8182  .1955 2262.5 1186.  2.984 3300. 1.400 346.0   8.7796 1.000
     .2222    .8086  .1939 2264.6 1183.  2.992 3300. 1.400 346.0   8.7142 1.000
     .2500    .7992  .1923 2266.7 1179.  3.000 3300. 1.400 346.0   8.6493 1.000
X     .3090 1     .1806     .2865
     .0000    .4545  .1285 2358.8 1003.  3.385 3300. 1.400 346.0   5.9265 1.000
     .0452    .4545  .1285 2358.9 1002.  3.385 3300. 1.400 346.0   5.9288 1.000
     .0903    .4528  .1283 2359.8 1001.  3.389 3300. 1.400 346.0   5.9202 1.000
     .1355    .4503  .1279 2361.3  998.  3.396 3300. 1.400 346.0   5.9086 1.000
     .1794    .4470  .1275 2363.2  994.  3.405 3300. 1.400 346.0   5.8933 1.000
     .1819    .6690  .1691 2297.0 1122.  3.116 3300. 1.400 346.0   7.6903 1.000
     .2597    .9165  .2121 2241.8 1225.  2.910 3300. 1.400 346.0   9.4374 1.000
     .2731    .9854  .1617 1437.3 1728.  1.571 2581. 1.400 346.0   2.6446  .425
     .2865    .9900  .1944   70.7 1609.   .085 1612. 1.400 310.4    .0050  .143
X     .6180 1     .1036     .3180
     .0000    .2755  .0899 2426.4  869.  3.740 3300. 1.400 346.0   4.0999 1.000
     .0518    .2755  .0899 2426.5  869.  3.740 3300. 1.400 346.0   4.1015 1.000
     .1023    .2745  .0897 2427.3  867.  3.744 3300. 1.400 346.0   4.0950 1.000
     .1048    .5958  .1545 2311.6 1094.  3.176 3300. 1.400 346.0   7.0288 1.000
     .1568    .7416  .1813 2276.8 1160.  3.038 3300. 1.400 346.0   8.1716 1.000
     .2100    .8517  .2008 2253.8 1203.  2.953 3300. 1.400 346.0   8.9748 1.000
     .2632    .8963  .2087 2245.8 1218.  2.924 3300. 1.400 346.0   9.3027 1.000
     .2906    .9841  .1333 1580.2 2093.  1.569 3124. 1.400 346.0   2.6340  .859
     .3180    .9900  .0992   98.9 2905.   .085 2909. 1.400 337.1    .0050  .305
X     .9270 1     .0000     .3444
     .0000    .1805  .0665 2475.3  770.  4.052 3300. 1.400 346.0   2.9116 1.000
     .0012    .6432  .1589 2283.0 1148.  3.061 3300. 1.400 346.0   7.0763 1.000
     .0529    .7270  .1760 2270.7 1171.  3.015 3300. 1.400 346.0   7.8610 1.000
     .1058    .7950  .1895 2260.8 1190.  2.978 3300. 1.400 346.0   8.4649 1.000
     .1588    .8467  .1996 2253.7 1203.  2.952 3300. 1.400 346.0   8.9134 1.000
     .2117    .8817  .2064 2249.3 1211.  2.937 3300. 1.400 346.0   9.2167 1.000
     .2646    .9016  .2104 2247.4 1215.  2.930 3300. 1.400 346.0   9.4011 1.000
     .3045    .9845  .1326 1583.6 2105.  1.568 3141. 1.400 346.0   2.6300  .873
     .3444    .9900  .1190   90.3 2488.   .085 2492. 1.400 328.0    .0050  .250
X     .9272 1     .0001     .3444
     .0000   1.7296  .3067 2029.8 1599.  2.306 3300. 1.400 346.0  11.6903 1.000
     .0013    .6433  .1589 2282.9 1148.  3.061 3300. 1.400 346.0   7.0757 1.000
     .0345    .7064  .1716 2272.9 1167.  3.023 3300. 1.400 346.0   7.6552 1.000
     .0690    .7634  .1831 2264.7 1182.  2.993 3300. 1.400 346.0   8.1732 1.000
     .1034    .8097  .1924 2258.8 1193.  2.971 3300. 1.400 346.0   8.5948 1.000
     .1378    .8438  .1993 2255.0 1200.  2.957 3300. 1.400 346.0   8.9104 1.000
     .1723    .8692  .2047 2253.2 1204.  2.951 3300. 1.400 346.0   9.1642 1.000
     .2583    .9824  .1369 1554.1 2035.  1.565 3032. 1.400 346.0   2.6117  .786
     .3444    .9900  .3010   56.8 1073.   .085 1075. 1.400 300.6    .0050  .083
X    1.4191 1     .1510     .3336
     .0000   1.5042  .2817 2080.0 1514.  2.429 3300. 1.400 346.0  11.1591 1.000
     .0503   1.5042  .2836 2085.9 1504.  2.444 3300. 1.400 346.0  11.3013 1.000
     .1006   1.5042  .2894 2103.3 1473.  2.490 3300. 1.400 346.0  11.7343 1.000
     .1497   1.5042  .2991 2130.6 1426.  2.564 3300. 1.400 346.0  12.4588 1.000
     .1522    .8621  .2022 2250.5 1209.  2.941 3300. 1.400 346.0   9.0189 1.000
     .1966    .9390  .1810 2065.0 1471.  2.447 3231. 1.400 346.0   6.6978  .945
     .2423    .9818  .1438 1516.6 1936.  1.566 2886. 1.400 346.0   2.6123  .669
     .2880    .9900  .1192  813.6 2446.   .762 2730. 1.400 333.1    .4640  .281
     .3336    .9900  .3940   49.6  832.   .085  833. 1.400 296.3    .0050  .057
X    1.5291 1     .1901     .3312
     .0000   1.5095  .2815 2076.0 1521.  2.419 3300. 1.400 346.0  11.1075 1.000
     .0311   1.5095  .2827 2079.9 1514.  2.429 3300. 1.400 346.0  11.1992 1.000
     .0623   1.5095  .2929 2110.4 1461.  2.509 3300. 1.400 346.0  11.9638 1.000
     .0934   1.5095  .3003 2130.9 1425.  2.565 3300. 1.400 346.0  12.5140 1.000
     .1418   1.4118  .2743 2111.4 1459.  2.511 3300. 1.400 346.0  11.1494 1.000
     .1889   1.1286  .2051 1993.3 1560.  2.293 3201. 1.400 346.0   7.1933  .921
     .1914    .9583  .1803 2016.4 1507.  2.360 3186. 1.400 346.0   6.3434  .909
     .2372    .9828  .1512 1494.0 1843.  1.581 2765. 1.400 346.0   2.6748  .572
     .2842    .9900  .1601  859.7 1883.   .933 2211. 1.400 322.2    .7460  .215
     .3312    .9900  .4629   45.8  713.   .085  714. 1.400 294.3    .0050  .045
X    1.6391 1     .2789     .3288
     .0000   1.5251  .2824 2069.8 1531.  2.403 3300. 1.400 346.0  11.0845 1.000
     .0238   1.5251  .2825 2070.1 1531.  2.404 3300. 1.400 346.0  11.0908 1.000
     .0476   1.5251  .2878 2086.5 1502.  2.446 3300. 1.400 346.0  11.4883 1.000
     .0714   1.5251  .2972 2113.8 1455.  2.518 3300. 1.400 346.0  12.1873 1.000
     .0952   1.5251  .3025 2128.5 1429.  2.558 3300. 1.400 346.0  12.5862 1.000
     .1871   1.3913  .2528 2049.6 1561.  2.357 3295. 1.400 346.0   9.6338  .996
     .2776    .9973  .1264 1099.1 2236.  1.056 2735. 1.400 346.0   1.0270  .548
     .2801    .9900  .1240 1030.4 2264.   .984 2703. 1.400 346.0    .8492  .522
     .3038    .9900  .1185  765.3 2463.   .715 2714. 1.400 332.8    .4013  .279
     .3288    .9900  .2672   60.3 1200.   .085 1202. 1.400 302.8    .0050  .097
X    1.9828 2     .1795     .3323
     .0000   1.5251   .2879 2069.8 1531.  2.403 3300. 1.400 346.0  11.0845 1.000
     .0469   1.7959   .3318 2050.4 1564.  2.356 3300. 1.400 346.0  12.7055 1.000
     .0938   2.0667   .3764 2036.9 1587.  2.323 3300. 1.400 346.0  14.3689 1.000
     .1795    .9166   .2318 2067.2 1169.  2.778 2973. 1.400 338.3   8.5561  .739
     .1795    .9774   .2370 2038.0 1219.  2.682 2973. 1.400 338.3   8.5281  .739
     .2304    .9838   .2352 1777.8 1267.  2.323 2634. 1.400 330.3   6.3203  .467
     .2813    .9900   .2116  951.3 1446.  1.175 1846. 1.400 323.6   1.3236  .240
     .3323    .9900   .3167     .0  978.   .000  978. 1.400 319.5    .0000  .100
X    2.3265 2     .1259     .3355
     .0000    .9610   .2041 2167.2 1361.  2.669 3300. 1.400 346.0   8.2838 1.000
     .0321    .9610   .2063 2175.4 1346.  2.694 3300. 1.400 346.0   8.4473 1.000
     .0643    .9610   .2089 2184.6 1329.  2.722 3300. 1.400 346.0   8.6367 1.000
     .1259    .6636   .1761 2222.5 1100.  3.060 3159. 1.400 342.7   7.3233  .887
     .1260    .9276   .2235 2161.2 1211.  2.835 3159. 1.400 342.7   9.0507  .887
     .1635   1.0372   .2548 2043.3 1204.  2.707 2967. 1.400 338.2   9.2874  .734
     .2495    .9963   .2028 1433.5 1504.  1.729 2403. 1.400 326.6   3.3419  .341
     .3355    .9900   .3167     .0  978.   .000  978. 1.400 319.5    .0000  .100
X    2.6700 2     .0001     .3384
     .0000    .3482   .0926 2315.2 1087.  3.191 3300. 1.400 346.0   3.7382 1.000
     .0001    .8411   .1705 2130.4 1426.  2.563 3300. 1.400 346.0   6.5271 1.000
     .0543   1.1109   .2275 2135.2 1412.  2.582 3294. 1.400 346.0   9.0782  .995
     .1085   1.3807   .2976 2081.1 1354.  2.582 3159. 1.400 342.7  11.5230  .887
     .2234   1.1039   .2097 1497.6 1601.  1.744 2575. 1.400 328.9   3.8874  .420
     .3384    .9900   .3167     .0  978.   .000  978. 1.400 319.5    .0000  .100
X    2.6703 2     .0000     .3384
     .0000   1.7638   .3095 2000.9 1647.  2.240 3300. 1.400 346.0  11.2595 1.000
     .0000    .8411   .1845 2191.3 1317.  2.743 3300. 1.400 346.0   7.5582 1.000
     .0521    .8498   .2153 2284.6 1141.  3.073 3296. 1.400 346.0   9.7463  .997
     .1042    .8586   .2568 2298.9  975.  3.360 3175. 1.400 343.1  11.8943  .900
     .2213    .9517   .1944 1590.7 1487.  1.922 2585. 1.400 329.1   4.0039  .428
     .3384    .9900   .3167     .0  978.   .000  978. 1.400 319.5    .0000  .100
X    2.8762 2     .0768     .3401
     .0000   1.6066   .3064 2078.9 1516.  2.426 3300. 1.400 346.0  11.9600 1.000
     .0384   1.6029   .3063 2079.2 1513.  2.429 3297. 1.400 346.0  11.9564  .998
     .0768   1.5919   .3126 2057.6 1478.  2.437 3234. 1.400 344.4  11.9453  .947
     .0769    .8500   .2011 2199.9 1227.  2.860 3234. 1.400 344.4   8.3649  .947
     .1418    .6691   .2260 2229.4  875.  3.462 2974. 1.400 338.3   9.6530  .739
     .2409    .9453   .1939 1453.0 1492.  1.759 2416. 1.400 326.6   3.2479  .344
     .3401    .9900   .3167     .0  978.   .000  978. 1.400 319.5    .0000  .100
X    3.1109 2     .1681     .3418
     .0000   1.6917   .3198 2071.0 1529.  2.406 3300. 1.400 346.0  12.4360 1.000
     .0503   1.7130   .3249 2066.5 1524.  2.405 3287. 1.400 346.0  12.5934  .990
     .1092   1.6630   .3343 1999.1 1455.  2.395 3125. 1.400 341.9  12.0961  .860
     .1681   1.2058   .2561 1837.6 1404.  2.263 2843. 1.400 335.2   7.5464  .635
     .1681    .8952   .2072 1909.7 1289.  2.455 2843. 1.400 335.2   6.3886  .635
     .2260    .9848   .2015 1563.6 1488.  1.890 2552. 1.400 328.3   4.0281  .401
     .2839    .9900   .2089  742.8 1468.   .912 1712. 1.400 322.9    .7063  .217
     .3418    .9900   .3167     .0  978.   .000  978. 1.400 319.5    .0000  .100
X    3.3457 2     .2829     .3435
     .0000   1.7430   .3247 2058.0 1551.  2.374 3300. 1.400 346.0  12.4982 1.000
     .0631   1.8333   .3466 2020.3 1536.  2.348 3230. 1.400 344.3  12.9024  .944
     .1098   1.7351   .3445 1945.7 1479.  2.317 3068. 1.400 340.5  11.8391  .814
     .1565   1.5056   .3010 1787.4 1491.  2.136 2852. 1.400 335.4   8.5861  .641
     .2033   1.2418   .2351 1540.4 1600.  1.791 2627. 1.400 330.1   4.7587  .462
     .2500   1.0410   .1976 1152.9 1619.  1.342 2202. 1.400 325.5   1.9792  .304
     .2968    .9900   .2341  655.4 1314.   .852 1504. 1.400 321.9    .6009  .182
     .3435    .9900   .3167     .0  978.   .000  978. 1.400 319.5    .0000  .100
X    3.6894 3     .1793     .3499
     .0000   1.7113   .3209 2063.9 1541.  2.389 3300. 1.400 346.0  12.4042 1.000
     .0390   1.7816   .3364 2051.6 1531.  2.382 3269. 1.400 346.0  12.8878  .975
     .0780   1.8520   .3636 2011.6 1485.  2.382 3171. 1.400 343.0  13.4309  .897
     .1793    .9331   .2466 1931.2 1137.  2.654 2738. 1.400 332.7   7.9146  .551
     .1794    .9803   .2511 1909.0 1173.  2.582 2738. 1.400 332.7   7.8927  .550
     .2362    .9858   .2617 1731.3 1152.  2.384 2462. 1.400 326.9   6.6976  .353
     .2930    .9900   .2505  931.4 1226.  1.252 1610. 1.400 322.4   1.5480  .200
     .3499    .9900   .3167     .0  978.   .000  978. 1.400 319.5    .0000  .100
X    4.0331 3     .1246     .3563
     .0000    .9043   .2031 2208.0 1287.  2.796 3300. 1.400 346.0   8.5435 1.000
     .0338    .9061   .2050 2199.3 1277.  2.796 3274. 1.400 346.0   8.5610  .979
     .0792    .7031   .1764 2192.3 1163.  2.935 3166. 1.400 342.8   7.1393  .892
     .1246    .6885   .1859 2122.5 1093.  2.947 2993. 1.400 338.8   7.0372  .755
     .1246    .9331   .2308 2065.7 1194.  2.746 2993. 1.400 338.8   8.5105  .754
     .1563    .9331   .2459 2010.5 1131.  2.758 2853. 1.400 335.4   8.5932  .642
     .2563    .9852   .2180 1362.7 1389.  1.713 2204. 1.400 325.5   3.2268  .304
     .3563    .9900   .3167     .0  978.   .000  978. 1.400 319.5    .0000  .100
X    4.3766 3     .0001     .3629
     .0000    .3481   .1021 2366.5  985.  3.426 3297. 1.400 346.0   4.4335  .998
     .0001    .8411   .1880 2203.5 1293.  2.784 3297. 1.400 346.0   7.8064  .998
     .0522   1.0579   .2267 2140.1 1348.  2.648 3239. 1.400 346.0   9.0653  .952
     .1043   1.2746   .2800 2041.1 1336.  2.557 3082. 1.400 340.8  10.3469  .825
     .2336   1.0645   .2021 1456.4 1607.  1.696 2531. 1.400 327.8   3.4876  .385
     .3629    .9900   .3167     .0  978.   .000  978. 1.400 319.5    .0000  .100
X    4.3769 3     .0000     .3629
     .0000   1.7638   .3154 2017.9 1616.  2.281 3297. 1.400 346.0  11.6733  .998
     .0000    .8411   .1880 2203.5 1293.  2.784 3297. 1.400 346.0   7.8054  .998
     .0521    .7896   .2062 2272.9 1107.  3.104 3240. 1.400 346.0   9.1810  .952
     .1042    .7382   .2362 2272.8  917.  3.436 3082. 1.400 340.9  10.5800  .825
     .2335    .9241   .1876 1536.4 1503.  1.850 2531. 1.400 327.9   3.5401  .385
     .3629    .9900   .3167     .0  978.   .000  978. 1.400 319.5    .0000  .100
X    4.5825 3     .0777     .3668
     .0000   1.8658   .3317 2009.9 1626.  2.265 3294. 1.400 346.0  12.2347  .995
     .0388   1.7973   .3258 2009.8 1594.  2.287 3262. 1.400 346.0  11.9822  .970
     .0777   1.5916   .3098 2004.6 1498.  2.364 3172. 1.400 343.0  11.2241  .898
     .0777    .8478   .1990 2152.2 1242.  2.787 3172. 1.400 343.0   7.8895  .897
     .1387    .5729   .2022 2231.1  839.  3.542 2946. 1.400 337.6   8.5334  .716
     .2528    .9437   .1909 1394.5 1515.  1.676 2366. 1.400 326.4   2.8993  .334
     .3668    .9900   .3167     .0  978.   .000  978. 1.400 319.5    .0000  .100
X    4.8165 3     .1696     .3714
     .0000   1.7863   .3296 2041.6 1566.  2.344 3287. 1.400 346.0  12.5044  .990
     .0565   1.7516   .3305 2014.0 1540.  2.338 3223. 1.400 344.2  12.1812  .939
     .1131   1.5809   .3144 1934.6 1479.  2.306 3051. 1.400 340.1  10.5932  .800
     .1696   1.2054   .2516 1801.2 1432.  2.199 2817. 1.400 334.6   7.1007  .614
     .1697    .8900   .2027 1877.4 1312.  2.395 2817. 1.400 334.6   6.0095  .614
     .2369    .9900   .1957 1511.1 1542.  1.796 2537. 1.400 328.0   3.6131  .390
     .3041    .9900   .2083  697.5 1473.   .855 1688. 1.400 322.8    .6061  .213
     .3714    .9900   .3167     .0  978.   .000  978. 1.400 319.5    .0000  .100
X    5.0504 3     .2979     .3760
     .0000   1.7550   .3190 2022.4 1590.  2.304 3279. 1.400 346.0  11.8560  .983
     .0537   1.7115   .3214 2009.2 1547.  2.327 3223. 1.400 344.2  11.7667  .938
     .1074   1.5539   .3096 1950.7 1474.  2.327 3070. 1.400 340.6  10.5958  .816
     .1612   1.3450   .2697 1794.8 1486.  2.148 2858. 1.400 335.6   7.6539  .646
     .2149   1.1446   .2140 1530.3 1620.  1.768 2633. 1.400 330.3   4.1898  .466
     .2686   1.0122   .1858 1112.9 1674.  1.274 2217. 1.400 325.5   1.6736  .306
     .3223    .9900   .2282  606.9 1348.   .779 1511. 1.400 321.9    .4880  .183
     .3760    .9900   .3167     .0  978.   .000  978. 1.400 319.5    .0000  .100
X    5.3942 4     .1869     .3854
     .0000   1.4074   .2732 2072.6 1489.  2.440 3263. 1.400 346.0  10.4777  .970
     .0386   1.4422   .2829 2057.6 1480.  2.436 3235. 1.400 344.5  10.7193  .948
     .0772   1.4769   .2985 2027.0 1444.  2.436 3157. 1.400 342.6  10.9985  .886
     .1869    .9366   .2268 1884.0 1239.  2.478 2761. 1.400 333.3   6.8616  .569
     .1869    .9809   .2344 1873.7 1256.  2.448 2761. 1.400 333.3   7.0483  .568
     .2531    .9900   .1766 1347.4 1713.  1.521 2505. 1.400 327.2   2.4687  .364
     .3192    .9900   .1968  414.3 1560.   .494 1636. 1.400 322.5    .1794  .204
     .3854    .9900   .3167     .0  978.   .000  978. 1.400 319.5    .0000  .100
X    5.7379 4     .1289     .3949
     .0000    .7555   .1751 2198.5 1247.  2.829 3242. 1.400 346.0   7.1535  .954
     .0270    .7590   .1774 2188.6 1243.  2.828 3230. 1.400 344.3   7.1837  .944
     .0541    .7625   .1807 2173.2 1229.  2.827 3193. 1.400 343.5   7.2209  .914
     .1289    .6977   .1762 2076.3 1169.  2.789 2988. 1.400 338.6   6.3284  .750
     .1289    .9351   .2171 2016.6 1272.  2.597 2988. 1.400 338.6   7.5756  .750
     .2175    .9645   .2235 1765.3 1305.  2.271 2651. 1.400 330.7   5.8809  .481
     .3062    .9900   .2058  945.4 1486.  1.152 1880. 1.400 323.7   1.2591  .246
     .3949    .9900   .3167     .0  978.   .000  978. 1.400 319.5    .0000  .100
X    6.0814 4     .0001     .4045
     .0000    .3553   .1028 2308.8 1005.  3.319 3218. 1.400 344.1   4.2162  .934
     .0001    .8436   .1871 2143.5 1310.  2.698 3218. 1.400 344.1   7.3194  .934
     .0523    .9561   .2085 2101.1 1337.  2.622 3175. 1.400 343.0   7.9327  .900
     .1046   1.0686   .2382 2034.3 1318.  2.567 3056. 1.400 340.2   8.5879  .805
     .2545   1.0071   .1841 1408.0 1668.  1.609 2532. 1.400 327.9   2.8786  .386
     .4045    .9900   .3167     .0  978.   .000  978. 1.400 319.5    .0000  .100
X    6.0816 4     .0000     .4045
     .0000   1.7492   .3115 1954.4 1632.  2.204 3218. 1.400 344.1  10.8020  .934
     .0000    .8436   .1871 2143.4 1310.  2.698 3218. 1.400 344.1   7.3185  .934
     .0523    .7529   .1925 2210.7 1140.  2.988 3175. 1.400 343.1   8.0199  .900
     .1045    .6623   .2048 2239.2  951.  3.328 3056. 1.400 340.2   8.7640  .805
     .2545    .9188   .1750 1461.6 1601.  1.705 2532. 1.400 327.9   2.9101  .386
     .4045    .9900   .3167     .0  978.   .000  978. 1.400 319.5    .0000  .100
X    6.2844 4     .0808     .4103
     .0000   1.9139   .3342 1921.9 1666.  2.146 3202. 1.400 343.7  11.2939  .921
     .0404   1.8284   .3264 1925.9 1633.  2.175 3177. 1.400 343.1  11.0310  .902
     .0808   1.5718   .3016 1943.2 1527.  2.275 3106. 1.400 341.4  10.2422  .845
     .0809    .8504   .1958 2093.7 1272.  2.685 3106. 1.400 341.4   7.3078  .845
     .1073    .8504   .2011 2066.7 1244.  2.686 3039. 1.400 339.8   7.3157  .792
     .2588    .9749   .1825 1433.9 1630.  1.658 2526. 1.400 327.7   2.9537  .381
     .4103    .9900   .3167     .0  978.   .000  978. 1.400 319.5    .0000  .100
X    6.5059 4     .1748     .4166
     .0000   1.7956   .3298 1958.3 1586.  2.243 3182. 1.400 343.2  11.5124  .906
     .0582   1.7005   .3163 1934.8 1571.  2.230 3135. 1.400 342.1  10.7244  .868
     .1165   1.4919   .2879 1870.4 1529.  2.196 3003. 1.400 339.0   8.9963  .762
     .1747   1.1968   .2415 1770.0 1481.  2.125 2818. 1.400 334.6   6.5509  .615
     .1748    .8917   .1959 1847.9 1360.  2.315 2818. 1.400 334.6   5.5910  .615
     .2554    .9900   .1821 1427.9 1657.  1.637 2545. 1.400 328.2   2.9253  .396
     .3360    .9900   .1991  614.2 1540.   .736 1707. 1.400 322.9    .4291  .216
     .4166    .9900   .3167     .0  978.   .000  978. 1.400 319.5    .0000  .100
X    6.7273 4     .3166     .4230
     .0000   1.7561   .3192 1932.3 1605.  2.202 3162. 1.400 342.7  10.8204  .889
     .0604   1.6831   .3116 1914.1 1581.  2.201 3113. 1.400 341.6  10.3262  .851
     .1209   1.5065   .2858 1836.0 1557.  2.137 2980. 1.400 338.4   8.6041  .744
     .1813   1.2902   .2410 1669.1 1603.  1.928 2794. 1.400 334.1   5.8200  .595
     .2417   1.0983   .1915 1402.5 1741.  1.565 2595. 1.400 329.4   3.0362  .436
     .3021    .9947   .1783  979.8 1716.  1.109 2137. 1.400 325.1   1.1542  .292
     .3626    .9900   .2262  522.6 1360.   .668 1481. 1.400 321.8    .3449  .179
     .4230    .9900   .3167     .0  978.   .000  978. 1.400 319.5    .0000  .100
X    7.0711 5     .1879     .4352
     .0000   1.5495   .2941 1948.4 1541.  2.269 3127. 1.400 341.9  10.0266  .862
     .0626   1.4531   .2817 1933.1 1514.  2.275 3080. 1.400 340.8   9.3921  .824
     .1252   1.2396   .2549 1890.3 1440.  2.291 2951. 1.400 337.8   7.9848  .721
     .1879    .9355   .2108 1833.9 1330.  2.327 2771. 1.400 333.5   5.9819  .577
     .1879    .9807   .2181 1822.2 1348.  2.296 2771. 1.400 333.5   6.1427  .577
     .2703    .9900   .1748 1346.1 1729.  1.512 2519. 1.400 327.6   2.4333  .375
     .3528    .9900   .1958  475.6 1567.   .565 1667. 1.400 322.7    .2397  .209
     .4352    .9900   .3167     .0  978.   .000  978. 1.400 319.5    .0000  .100
X    7.4148 5     .1238     .4472
     .0000   1.1089   .2314 2005.1 1405.  2.448 3089. 1.400 341.0   8.0968  .832
     .0619   1.1086   .2351 1988.8 1387.  2.448 3048. 1.400 340.1   8.0949  .799
     .1238    .8302   .1906 1969.6 1291.  2.522 2934. 1.400 337.4   6.2069  .707
     .1238    .9616   .2116 1935.9 1347.  2.427 2934. 1.400 337.4   6.7664  .707
     .2316    .9824   .1973 1618.2 1507.  1.938 2639. 1.400 330.4   4.2453  .471
     .3394    .9900   .1909  792.2 1602.   .930 1879. 1.400 323.7    .7398  .246
     .4472    .9900   .3167     .0  978.   .000  978. 1.400 319.5    .0000  .100
X    7.7583 5     .0001     .4591
     .0000    .7024   .1661 2073.5 1244.  2.695 3050. 1.400 340.1   5.9111  .800
     .0001    .9360   .2037 2010.9 1351.  2.507 3050. 1.400 340.1   7.0357  .800
     .0822    .9774   .2160 1976.7 1336.  2.484 2985. 1.400 338.6   7.2406  .748
     .2079    .9834   .2008 1688.6 1475.  2.039 2703. 1.400 331.9   4.7567  .522
     .3335    .9900   .1858  901.3 1643.  1.043 2001. 1.400 324.4    .9827  .267
     .4591    .9900   .3167     .0  978.   .000  978. 1.400 319.5    .0000  .100
X    7.7585 5     .0000     .4591
     .0000   1.2235   .2466 1945.8 1459.  2.335 3049. 1.400 340.1   8.1848  .800
     .0000    .9360   .2037 2010.9 1351.  2.507 3049. 1.400 340.1   7.0354  .800
     .0822    .8245   .2031 2057.2 1199.  2.729 2985. 1.400 338.6   7.3058  .748
     .2079    .9036   .1932 1733.5 1409.  2.142 2703. 1.400 331.9   4.7882  .522
     .3335    .9896   .1857  901.6 1643.  1.044 2001. 1.400 324.4    .9827  .267
     .4591    .9900   .3167     .0  978.   .000  978. 1.400 319.5    .0000  .100
X    7.9510 5     .0938     .4657
     .0000   1.4757   .2766 1859.4 1572.  2.151 3026. 1.400 339.5   8.5204  .781
     .0469   1.3987   .2681 1866.1 1539.  2.183 3006. 1.400 339.1   8.2741  .765
     .0938   1.1676   .2415 1893.3 1432.  2.301 2948. 1.400 337.7   7.5353  .719
     .0938    .9443   .2076 1945.4 1347.  2.438 2948. 1.400 337.7   6.6889  .718
     .2178    .9726   .1982 1662.1 1481.  2.006 2673. 1.400 331.2   4.5232  .498
     .3417    .9900   .1867  845.8 1636.   .982 1951. 1.400 324.1    .8445  .258
     .4657    .9900   .3167     .0  978.   .000  978. 1.400 319.5    .0000  .100
X    8.1566 5     .1939     .4727
     .0000   1.2920   .2641 1922.1 1443.  2.323 3001. 1.400 338.9   8.6059  .760
     .0646   1.2237   .2491 1891.9 1453.  2.281 2965. 1.400 338.1   7.8021  .732
     .1292   1.1414   .2359 1830.6 1441.  2.224 2867. 1.400 335.8   6.8331  .653
     .1939   1.0529   .2236 1745.8 1416.  2.150 2726. 1.400 332.4   5.7905  .541
     .1939    .9633   .2099 1769.3 1380.  2.207 2726. 1.400 332.4   5.5194  .541
     .2868    .9900   .1712 1295.1 1768.  1.439 2500. 1.400 327.1   2.1672  .360
     .3798    .9900   .1976  451.5 1553.   .539 1643. 1.400 322.6    .2165  .205
     .4727    .9900   .3167     .0  978.   .000  978. 1.400 319.5    .0000  .100
X    8.3623 5     .3442     .4796
     .0000   1.2307   .2477 1888.3 1469.  2.264 2974. 1.400 338.3   7.7260  .740
     .0685   1.2059   .2460 1872.6 1453.  2.260 2937. 1.400 337.4   7.5257  .710
     .1370   1.1466   .2345 1796.0 1460.  2.170 2835. 1.400 335.0   6.5216  .628
     .2056   1.0757   .2075 1617.4 1563.  1.899 2690. 1.400 331.6   4.5341  .512
     .2741   1.0159   .1755 1325.1 1766.  1.472 2531. 1.400 327.9   2.3706  .385
     .3426    .9900   .1834  870.1 1664.  1.001 1998. 1.400 324.4    .8860  .266
     .4111    .9900   .2311  465.8 1332.   .601 1429. 1.400 321.5    .2742  .170
     .4796    .9900   .3167     .0  978.   .000  978. 1.400 319.5    .0000  .100
X    8.7060 6     .2025     .4951
     .0000   1.1423   .2384 1887.4 1421.  2.304 2930. 1.400 337.3   7.3716  .704
     .0329   1.1470   .2400 1884.1 1418.  2.303 2922. 1.400 337.1   7.3987  .698
     .0657   1.1516   .2432 1875.4 1407.  2.303 2900. 1.400 336.6   7.4323  .680
     .2025    .9685   .2119 1740.5 1379.  2.176 2685. 1.400 331.5   5.3826  .508
     .2025    .9864   .2146 1735.7 1386.  2.164 2685. 1.400 331.5   5.4358  .508
     .3000    .9900   .1699 1202.5 1783.  1.332 2416. 1.400 326.6   1.7983  .344
     .3976    .9900   .1971  348.0 1558.   .415 1612. 1.400 322.4    .1246  .200
     .4951    .9900   .3167     .0  978.   .000  978. 1.400 319.5    .0000  .100
X    9.0498 6     .1324     .5110
     .0000    .9276   .2076 1912.7 1329.  2.418 2884. 1.400 336.2   6.4400  .667
     .0662    .9262   .2094 1901.9 1318.  2.417 2858. 1.400 335.6   6.4222  .646
     .1324    .8689   .1981 1853.6 1314.  2.366 2784. 1.400 333.8   5.6884  .587
     .1324    .9689   .2141 1827.2 1355.  2.296 2784. 1.400 333.8   6.0521  .587
     .2586    .9875   .1851 1470.2 1623.  1.701 2563. 1.400 328.6   3.1867  .410
     .3848    .9900   .1927  646.5 1589.   .762 1774. 1.400 323.2    .4647  .227
     .5110    .9900   .3167     .0  978.   .000  978. 1.400 319.5    .0000  .100
X    9.3933 6     .0001     .5273
     .0000    .6839   .1682 1951.9 1213.  2.587 2838. 1.400 335.1   5.2315  .630
     .0001    .9321   .2097 1882.6 1327.  2.386 2838. 1.400 335.1   6.2930  .630
     .1319    .9494   .2081 1795.2 1370.  2.246 2752. 1.400 333.1   5.6375  .561
     .2637    .9793   .1779 1413.4 1678.  1.610 2547. 1.400 328.2   2.7752  .398
     .3955    .9900   .1979  679.7 1548.   .812 1752. 1.400 323.1    .5377  .224
     .5273    .9900   .3167     .0  978.   .000  978. 1.400 319.5    .0000  .100
X    9.3935 6     .0000     .5273
     .0000   1.2586   .2597 1806.3 1447.  2.193 2838. 1.400 335.1   7.4115  .630
     .0000    .9321   .2097 1882.6 1327.  2.386 2838. 1.400 335.1   6.2928  .630
     .1318    .9494   .2081 1795.3 1370.  2.247 2752. 1.400 333.1   5.6384  .562
     .2637    .9793   .1779 1413.6 1677.  1.610 2547. 1.400 328.2   2.7763  .398
     .3955    .9900   .1979  679.9 1548.   .812 1752. 1.400 323.1    .5380  .224
     .5273    .9900   .3167     .0  978.   .000  978. 1.400 319.5    .0000  .100
X    9.5853 6     .0977     .5366
     .0000   1.4770   .2890 1733.7 1528.  2.050 2812. 1.400 334.5   7.7215  .609
     .0488   1.4053   .2800 1742.9 1502.  2.079 2800. 1.400 334.2   7.5174  .600
     .0977   1.1901   .2522 1776.3 1415.  2.185 2767. 1.400 333.4   6.9052  .574
     .0977    .9354   .2124 1837.4 1321.  2.340 2767. 1.400 333.4   6.0562  .574
     .2440    .9766   .1852 1494.7 1604.  1.739 2574. 1.400 328.9   3.3033  .419
     .3903    .9900   .1897  672.9 1614.   .787 1814. 1.400 323.4    .5002  .234
     .5366    .9900   .3167     .0  978.   .000  978. 1.400 319.5    .0000  .100
X    9.7794 6     .2014     .5462
     .0000   1.3117   .2775 1788.9 1416.  2.199 2785. 1.400 333.9   7.8140  .588
     .0671   1.1728   .2423 1751.1 1452.  2.127 2766. 1.400 333.4   6.4139  .573
     .1343   1.1097   .2307 1713.0 1448.  2.088 2711. 1.400 332.1   5.7777  .528
     .2014   1.0602   .2252 1666.4 1426.  2.053 2628. 1.400 330.1   5.2790  .462
     .2015    .9524   .2145 1721.9 1345.  2.184 2628. 1.400 330.1   5.3220  .462
     .3163    .9863   .2256 1491.3 1341.  1.906 2315. 1.400 326.1   4.1103  .325
     .4313    .9900   .2317  757.9 1326.   .980 1581. 1.400 322.2    .8408  .195
     .5462    .9900   .3167     .0  978.   .000  978. 1.400 319.5    .0000  .100
X    9.9736 6     .3606     .5559
     .0000   1.2567   .2632 1758.9 1433.  2.151 2759. 1.400 333.2   7.1103  .567
     .0794   1.2261   .2534 1726.4 1454.  2.098 2734. 1.400 332.6   6.5546  .547
     .1588   1.1487   .2267 1621.2 1531.  1.925 2665. 1.400 331.0   5.0554  .492
     .2382   1.0621   .1922 1426.2 1681.  1.621 2565. 1.400 328.7   3.1442  .412
     .3176   1.0006   .1736 1102.2 1768.  1.227 2300. 1.400 326.0   1.4987  .322
     .3971    .9900   .1914  694.2 1599.   .816 1812. 1.400 323.4    .5431  .234
     .4765    .9900   .2380  372.2 1295.   .488 1357. 1.400 321.2    .1749  .158
     .5559    .9900   .3167     .0  978.   .000  978. 1.400 319.5    .0000  .100
X   10.3174 7     .2125     .5743
     .0000   1.1842   .2561 1752.1 1392.  2.178 2713. 1.400 332.1   6.8142  .530
     .0708   1.0643   .2255 1719.7 1423.  2.116 2696. 1.400 331.7   5.6615  .517
     .1417   1.0077   .2147 1686.6 1420.  2.081 2649. 1.400 330.6   5.1183  .479
     .2125    .9630   .2090 1646.0 1401.  2.049 2577. 1.400 328.9   4.6886  .422
     .2126    .9855   .2113 1633.9 1418.  2.022 2577. 1.400 328.9   4.6796  .422
     .3331    .9896   .2303 1412.5 1321.  1.821 2197. 1.400 325.4   3.7265  .302
     .4537    .9900   .2362  724.2 1302.   .945 1534. 1.400 322.0    .7706  .187
     .5743    .9900   .3167     .0  978.   .000  978. 1.400 319.5    .0000  .100
X   10.6611 7     .1392     .5929
     .0000    .9977   .2280 1765.7 1322.  2.256 2667. 1.400 331.1   6.0285  .494
     .0696    .9583   .2191 1755.8 1322.  2.244 2654. 1.400 330.7   5.6858  .483
     .1392    .8864   .2040 1731.0 1317.  2.219 2615. 1.400 329.8   5.0604  .452
     .1392    .9720   .2179 1707.3 1353.  2.160 2615. 1.400 329.8   5.3228  .452
     .2904    .9900   .1821 1276.1 1666.  1.463 2379. 1.400 326.4   2.2508  .337
     .4416    .9900   .2007  482.9 1530.   .581 1633. 1.400 322.5    .2544  .204
     .5929    .9900   .3167     .0  978.   .000  978. 1.400 319.5    .0000  .100
X   11.0046 7     .0001     .6116
     .0000    .7721   .1898 1792.0 1233.  2.375 2623. 1.400 330.0   4.9871  .458
     .0002    .9504   .2201 1742.5 1308.  2.241 2623. 1.400 330.0   5.6165  .458
     .1530    .9646   .2050 1619.7 1431.  1.996 2571. 1.400 328.8   4.4299  .417
     .3059    .9862   .1830 1168.9 1655.  1.346 2254. 1.400 325.7   1.8338  .313
     .4587    .9900   .2119  539.4 1450.   .667 1579. 1.400 322.2    .3440  .195
     .6116    .9900   .3167     .0  978.   .000  978. 1.400 319.5    .0000  .100
X   11.0048 7     .0000     .6116
     .0000   1.1783   .2566 1686.4 1392.  2.103 2623. 1.400 330.0   6.2945  .458
     .0000    .9504   .2201 1742.5 1308.  2.241 2623. 1.400 330.0   5.6162  .458
     .1529    .9646   .2050 1619.8 1431.  1.996 2571. 1.400 328.8   4.4306  .417
     .3058    .9862   .1830 1169.1 1655.  1.346 2254. 1.400 325.7   1.8346  .313
     .4587    .9900   .2119  539.5 1450.   .667 1579. 1.400 322.2    .3441  .195
     .6116    .9900   .3167     .0  978.   .000  978. 1.400 319.5    .0000  .100
X   11.1971 7     .1060     .6222
     .0000   1.5216   .3001 1562.7 1539.  1.855 2598. 1.400 329.4   6.5026  .439
     .0530   1.4226   .2862 1580.0 1509.  1.894 2592. 1.400 329.3   6.2841  .434
     .1060   1.1252   .2442 1644.1 1401.  2.047 2575. 1.400 328.9   5.6297  .420
     .1061    .9553   .2172 1688.4 1337.  2.152 2575. 1.400 328.9   5.1699  .420
     .2781    .9872   .1883 1279.6 1608.  1.494 2325. 1.400 326.1   2.3558  .326
     .4501    .9900   .2035  514.2 1508.   .623 1625. 1.400 322.5    .2962  .202
     .6222    .9900   .3167     .0  978.   .000  978. 1.400 319.5    .0000  .100
X   11.3751 7     .2122     .6320
     .0000   1.2641   .2760 1650.6 1393.  2.061 2576. 1.400 328.9   6.5418  .421
     .0707   1.1085   .2347 1612.1 1437.  1.982 2567. 1.400 328.7   5.1633  .413
     .1415   1.0664   .2260 1590.1 1438.  1.956 2539. 1.400 328.1   4.7899  .392
     .2122   1.0367   .2229 1562.8 1422.  1.937 2489. 1.400 327.1   4.5263  .358
     .2122    .9684   .2157 1598.5 1373.  2.016 2489. 1.400 327.1   4.5528  .358
     .3521    .9898   .2366 1282.8 1289.  1.676 2014. 1.400 324.4   3.0898  .269
     .4921    .9900   .2390  634.5 1287.   .833 1466. 1.400 321.7    .5707  .176
     .6320    .9900   .3167     .0  978.   .000  978. 1.400 319.5    .0000  .100
X   11.5531 7     .3780     .6419
     .0000   1.1782   .2548 1623.1 1408.  2.017 2554. 1.400 328.4   5.7606  .403
     .0917   1.1527   .2431 1585.6 1445.  1.946 2540. 1.400 328.1   5.1983  .392
     .1834   1.0897   .2140 1469.4 1557.  1.740 2500. 1.400 327.1   3.8049  .360
     .2751   1.0247   .1966 1216.0 1600.  1.423 2249. 1.400 325.7   2.2197  .312
     .3668    .9905   .1923  889.0 1589.  1.047 1938. 1.400 324.0    .9920  .256
     .4585    .9900   .2101  557.1 1462.   .686 1600. 1.400 322.3    .3661  .198
     .5502    .9900   .2511  303.8 1229.   .409 1270. 1.400 320.8    .1208  .145
     .6419    .9900   .3167     .0  978.   .000  978. 1.400 319.5    .0000  .100
X   11.8968 8     .2263     .6634
     .0000   1.1313   .2511 1614.6 1376.  2.033 2513. 1.400 327.4   5.5849  .371
     .0754   1.0265   .2192 1569.0 1431.  1.938 2505. 1.400 327.2   4.4792  .364
     .1509    .9944   .2161 1527.9 1408.  1.904 2429. 1.400 326.7   4.1406  .346
     .2263    .9712   .2227 1466.6 1338.  1.877 2281. 1.400 325.9   3.8964  .318
     .2264    .9868   .2245 1458.3 1349.  1.859 2281. 1.400 325.9   3.8904  .318
     .3720    .9900   .2469 1204.4 1238.  1.608 1878. 1.400 323.7   2.8077  .245
     .5177    .9900   .2476  609.6 1244.   .815 1409. 1.400 321.4    .5414  .167
     .6634    .9900   .3167     .0  978.   .000  978. 1.400 319.5    .0000  .100
X   12.2406 8     .1503     .6852
     .0000   1.0030   .2399 1593.8 1281.  2.083 2392. 1.400 326.5   5.1039  .339
     .0751    .9518   .2271 1572.2 1284.  2.053 2366. 1.400 326.4   4.6384  .334
     .1502    .9169   .2240 1536.1 1256.  2.029 2290. 1.400 325.9   4.3207  .320
     .1503    .9775   .2345 1518.8 1279.  1.988 2290. 1.400 325.9   4.4648  .320
     .3286    .9900   .2081 1034.2 1468.  1.267 1939. 1.400 324.1   1.5941  .256
     .5069    .9900   .2203  351.7 1397.   .443 1452. 1.400 321.6    .1430  .174
     .6852    .9900   .3167     .0  978.   .000  978. 1.400 319.5    .0000  .100
X   12.5841 8     .0001     .7072
     .0000    .8331   .2217 1568.2 1154.  2.162 2233. 1.400 325.6   4.4279  .309
     .0002    .9622   .2457 1532.5 1203.  2.069 2233. 1.400 325.6   4.7856  .309
     .1769    .9742   .2304 1363.6 1301.  1.772 2118. 1.400 325.0   3.4360  .288
     .3537    .9893   .2127  914.0 1439.  1.132 1808. 1.400 323.4   1.2048  .233
     .5305    .9900   .2350  422.1 1311.   .550 1390. 1.400 321.3    .2256  .164
     .7072    .9900   .3167     .0  978.   .000  978. 1.400 319.5    .0000  .100
X   12.5843 8     .0000     .7073
     .0000   1.1232   .2743 1491.3 1257.  1.970 2233. 1.400 325.6   5.1734  .309
     .0000    .9622   .2457 1532.4 1203.  2.069 2233. 1.400 325.6   4.7854  .309
     .1768    .9742   .2304 1363.7 1301.  1.772 2118. 1.400 325.0   3.4366  .288
     .3536    .9893   .2127  914.2 1439.  1.133 1808. 1.400 323.4   1.2055  .233
     .5304    .9900   .2350  422.2 1311.   .550 1391. 1.400 321.3    .2257  .164
     .7073    .9900   .3167     .0  978.   .000  978. 1.400 319.5    .0000  .100
X   12.7783 8     .1156     .7199
     .0000   1.5002   .3387 1335.0 1362.  1.695 2145. 1.400 325.1   5.3172  .293
     .0578   1.3954   .3228 1353.0 1330.  1.739 2134. 1.400 325.1   5.1431  .291
     .1156   1.0806   .2739 1420.1 1214.  1.911 2101. 1.400 324.9   4.6227  .285
     .1156    .9662   .2528 1450.5 1176.  1.983 2101. 1.400 324.9   4.3761  .285
     .3170    .9900   .2225 1020.3 1375.  1.293 1835. 1.400 323.5   1.6733  .238
     .5184    .9900   .2278  376.4 1352.   .483 1415. 1.400 321.4    .1710  .168
     .7199    .9900   .3167     .0  978.   .000  978. 1.400 319.5    .0000  .100
X   12.9377 8     .2230     .7303
     .0000   1.2176   .3132 1411.9 1197.  1.914 2074. 1.400 324.8   5.3519  .280
     .0743   1.0502   .2635 1373.6 1227.  1.839 2058. 1.400 324.7   4.1037  .277
     .1486   1.0321   .2643 1352.4 1203.  1.829 2009. 1.400 324.4   3.9689  .268
     .2229   1.0206   .2717 1322.0 1160.  1.823 1930. 1.400 324.0   3.8835  .254
     .2230    .9754   .2655 1343.7 1134.  1.873 1930. 1.400 324.0   3.9006  .254
     .3921    .9900   .2660 1070.0 1154.  1.482 1661. 1.400 322.6   2.3234  .208
     .5612    .9900   .2572  519.2 1199.   .707 1319. 1.400 321.0    .3922  .152
     .7303    .9900   .3167     .0  978.   .000  978. 1.400 319.5    .0000  .100
X   13.0971 8     .3879     .7408
     .0000   1.1234   .2957 1375.1 1171.  1.885 2004. 1.400 324.4   4.7076  .268
     .1058   1.0991   .2833 1328.3 1197.  1.802 1974. 1.400 324.2   4.1537  .262
     .2116   1.0476   .2558 1187.5 1265.  1.568 1887. 1.400 323.8   2.8633  .247
     .3175   1.0016   .2316  964.9 1338.  1.240 1750. 1.400 323.1   1.5407  .223
     .4233    .9900   .2253  691.8 1364.   .882 1576. 1.400 322.2    .6523  .194
     .5291    .9900   .2382  436.1 1294.   .572 1378. 1.400 321.3    .2456  .162
     .6349    .9900   .2692  243.6 1148.   .340 1174. 1.400 320.3    .0822  .130
     .7408    .9900   .3167     .0  978.   .000  978. 1.400 319.5    .0000  .100
X   15.4830 0    1.2912    1.2912
     .0000    .9900  .1922 1251.5 1564.  1.488 2257. 1.400 323.1   2.3440  .220
     .3228    .9900  .1792  943.5 1695.  1.083 2093. 1.400 319.8   1.0788  .200
     .6456    .9900  .2943  395.4 1092.   .582 1166. 1.400 302.2    .2550  .093
     .9684    .9900  .7441   88.2  450.   .206  454. 1.400 290.0    .0298  .018
    1.2912    .9900 1.1667     .0  290.   .000  290. 1.400 287.3    .0000  .002
X   17.8690 0    1.6935    1.6935
     .0000    .9900  .1918  869.0 1599.  1.032 1939. 1.400 316.7    .9563  .181
     .4234    .9900  .1959  695.9 1579.   .835 1799. 1.400 314.0    .5739  .165
     .8468    .9900  .3323  285.4  976.   .446 1015. 1.400 299.5    .1450  .076
    1.2702    .9900  .7986   65.2  420.   .158  422. 1.400 289.4    .0174  .015
    1.6935    .9900 1.1789     .0  287.   .000  287. 1.400 287.2    .0000  .001
X   20.2549 0    2.0958    2.0958
     .0000    .9900  .2048  563.1 1523.   .691 1668. 1.400 311.5    .3724  .149
     .5240    .9900  .2156  446.1 1457.   .562 1549. 1.400 309.2    .2365  .136
    1.0479    .9900  .3744  181.8  872.   .302  888. 1.400 297.3    .0645  .063
    1.5719    .9900  .8504   42.8  395.   .107  396. 1.400 289.0    .0080  .012
    2.0958    .9900 1.1892     .0  284.   .000  284. 1.400 287.2    .0000  .001
X   22.6409 0    2.4982    2.4982
     .0000    .9900  .2290  350.0 1381.   .454 1438. 1.400 307.2    .1505  .123
     .6245    .9900  .2733  260.4 1173.   .369 1205. 1.400 302.9    .0977  .097
    1.2491    .9900  .5021  103.2  659.   .198  664. 1.400 293.5    .0275  .039
    1.8736    .9900  .9697   26.3  347.   .070  348. 1.400 288.2    .0034  .007
    2.4982    .9900 1.2086     .0  280.   .000  280. 1.400 287.1    .0000  .001
X   25.0268 0    2.9005    2.9005
     .0000    .9900  .2610  192.6 1226.   .267 1243. 1.400 303.6    .0502  .101
     .7251    .9900  .2802  151.1 1148.   .217 1158. 1.400 302.1    .0330  .092
    1.4502    .9900  .4767   62.2  693.   .116  695. 1.400 294.0    .0094  .043
    2.1754    .9900  .9447   15.7  357.   .041  357. 1.400 288.4    .0012  .008
    2.9005    .9900 1.2049     .0  281.   .000  281. 1.400 287.1    .0000  .001
X   27.4128 0    3.3028    3.3028
     .0000    .9900  .2992     .0 1080.   .000 1080. 1.400 300.7    .0000  .083
     .8257    .9900  .3835     .0  854.   .000  854. 1.400 296.7    .0000  .059
    1.6514    .9900  .6889     .0  485.   .000  485. 1.400 290.5    .0000  .021
    2.4771    .9900 1.0832     .0  312.   .000  312. 1.400 287.6    .0000  .004
    3.3028    .9900 1.2235     .0  277.   .000  277. 1.400 287.1    .0000  .000
